44, snare.aif snare.aif 1. 0. 0. 0. 0. 0. 0. 0. 127. 1. 2. 2. 0. 0. 0. 0. "0 1 2 3 4 5 6 7 8 9 10 11 12 13 14 15" 0. 0.;
43, snare.aif snare.aif 1. 0. 0. 0. 0. 0. 0. 0. 127. 1. 2. 2. 0. 0. 0. 0. "0 1 2 3 4 5 6 7 8 9 10 11 12 13 14 15" 0. 0.;
45, loop loop_display 1. 0. 0. 0. 0. 0. 0. 0. 0. 1. 0. 0. 0. 0. 0. 0. "1 2 3 4" 0. 0. samp1 1. "0 0 0 0 0 0 0 0 0 0 0 0 0 0 0 0" samp2 1. "0 0 0 0 0 0 0 0 0 0 0 0 0 0 0 0" samp3 1. "0 0 0 0 0 0 0 0 0 0 0 0 0 0 0 0" samp4 1. "0 0 0 0 0 0 0 0 0 0 0 0 0 0 0 0";
42, snare.aif snare.aif 1. 0. 0. 0. 0. 0. 0. 0. 127. 1. 2. 2. 0. 0. 0. 0. "0 1 2 3 4 5 6 7 8 9 10 11 12 13 14 15" 0. 0.;
41, snare.aif snare.aif 1. 0. 0. 0. 0. 0. 0. 0. 127. 1. 2. 2. 0. 0. 0. 0. "0 1 2 3 4 5 6 7 8 9 10 11 12 13 14 15" 0. 0.;
40, snare.aif snare.aif 1. 0. 0. 0. 0. 0. 0. 0. 127. 1. 2. 2. 0. 0. 0. 0. "0 1 2 3 4 5 6 7 8 9 10 11 12 13 14 15" 0. 0.;
39, snare.aif snare.aif 1. 0. 0. 0. 0. 0. 0. 0. 127. 1. 2. 2. 0. 0. 0. 0. "0 1 2 3 4 5 6 7 8 9 10 11 12 13 14 15" 0. 0.;
38, snare.aif snare.aif 1. 0. 1. 1. 1. 0. 0. 0. 1. 1. 2. 2. 0. 0. 0. 0. "0 1 2 3 4 5 6 7 8 9 10 11 12 13 14 15" 0. 0.;
37, snare.aif snare.aif 1. 0. 0. 0. 0. 0. 0. 0. 127. 1. 2. 2. 0. 0. 0. 0. "0 1 2 3 4 5 6 7 8 9 10 11 12 13 14 15" 0. 0.;
8, 08_DTfxLoop2_120bpm.wav 08_DTfxLoop2_120bpm.wav 1. 0. 0. 0. 0. 0. 0. 0. 127. 1. 0. 2. 0. 0. 0. 0. "0 1 2 3 4 5 6 7 8 9 10 11 12 13 14 15" 0. 0.;
7, 07_PhoenixEnsLoop2_D_110bpm.wav 07_PhoenixEnsLoop2_D_110bpm.wav 1. 0. 0. 0. 0. 0. 0. 0. 127. 1. 0. 2. 0. 0. 0. 0. "0 1 2 3 4 5 6 7 8 9 10 11 12 13 14 15" 0. 0.;
9, loop loop_display 1. 0. 0. 0. 0. 0. 0. 0. 0. 1. 0. 0. 0. 0. 0. 0. "1 2 3 4" 0. 0. samp1 1. "0 0 0 0 0 0 0 0 0 0 0 0 0 0 0 0" samp2 1. "0 0 0 0 0 0 0 0 0 0 0 0 0 0 0 0" samp3 1. "0 0 0 0 0 0 0 0 0 0 0 0 0 0 0 0" samp4 1. "0 0 0 0 0 0 0 0 0 0 0 0 0 0 0 0";
6, 07_GammaFXloop_90bpm.wav 07_GammaFXloop_90bpm.wav 1. 0. 0. 0. 0. 0. 0. 0. 127. 1. 0. 2. 0. 0. 0. 0. "0 1 2 3 4 5 6 7 8 9 10 11 12 13 14 15" 0. 0.;
5, 07_DTfxLoop1_120bpm.wav 07_DTfxLoop1_120bpm.wav 1. 0. 0. 0. 0. 0. 0. 0. 127. 1. 2. 2. 0. 0. 0. 0. "0 1 2 3 4 5 6 7 8 9 10 11 12 13 14 15" 0. 0.;
4, 07_SATfxLoop1_135bpm.wav 07_SATfxLoop1_135bpm.wav 1. 0. 0. 0. 0. 0. 0. 0. 127. 1. 0. 2. 0. 0. 0. 0. "0 1 2 3 4 5 6 7 8 9 10 11 12 13 14 15" 0. 0.;
3, 07_PhoenixEnsLoop2_D_110bpm.wav 07_PhoenixEnsLoop2_D_110bpm.wav 1. 0. 0. 0. 0. 0. 0. 0. 127. 1. 0. 2. 0. 0. 0. 0. "0 1 2 3 4 5 6 7 8 9 10 11 12 13 14 15" 0. 0.;
2, 07_GammaFXloop_90bpm.wav 07_GammaFXloop_90bpm.wav 1. 0. 0. 0. 0. 0. 0. 0. 127. 1. 0. 2. 0. 0. 0. 0. "0 1 2 3 4 5 6 7 8 9 10 11 12 13 14 15" 0. 0.;
1, 06_PhoenixEnsLoop1_D_110bpm.wav 06_PhoenixEnsLoop1_D_110bpm.wav 1. 0. 1. 1. 1. 0. 0. 0. 1. 1. 0. 4. 0. 8726.984375 6545.442383 7636.349609 "12 9 8 8 0 14 3 14 0 0 1 0 4 0 7 14" 1. 0.;
